2 0.5387692307692308 0.46483001172332944 0.011692307692307693 0.0668229777256741
2 0.29446153846153844 0.563305978898007 0.031384615384615386 0.09261430246189918
2 0.6916923076923077 0.39683470105509966 0.036923076923076927 0.123094958968347
2 0.112 0.39566236811254396 0.05046153846153846 0.05509964830011723
2 0.21353846153846154 0.365767878077374 0.02707692307692308 0.12192262602579132
2 0.21446153846153845 0.4349355216881594 0.04492307692307692 0.07033997655334115
2 0.35415384615384615 0.4308323563892145 0.036307692307692305 0.05275498241500586
0 0.4055384615384615 0.458968347010551 0.060307692307692305 0.06447831184056271
0 0.3870769230769231 0.46600234466588514 0.05415384615384616 0.06447831184056271
0 0.344 0.4794841735052755 0.055384615384615386 0.04689331770222743
0 0.29723076923076924 0.48417350527549824 0.04553846153846154 0.053927315357561546
0 0.20984615384615385 0.5211019929660023 0.128 0.10668229777256741
0 0.14984615384615385 0.5035169988276671 0.08061538461538462 0.08323563892145369
0 0.06276923076923077 0.5287221570926143 0.10707692307692308 0.16647127784290738
0 0.4763076923076923 0.4466588511137163 0.02707692307692308 0.04689331770222743
