2 0.5313846153846153 0.48007033997655335 0.027692307692307693 0.038686987104337635
2 0.2907692307692308 0.5603751465416178 0.04123076923076923 0.06565064478311841
0 0.9464615384615385 0.8323563892145369 0.06646153846153846 0.2063305978898007
0 0.15507692307692308 0.4935521688159437 0.08861538461538461 0.10550996483001172
0 0.2323076923076923 0.48827667057444313 0.051076923076923075 0.06447831184056271
0 0.28646153846153843 0.47772567409144195 0.031384615384615386 0.06447831184056271
0 0.312 0.48710433763188743 0.05046153846153846 0.059788980070339975
0 0.3443076923076923 0.46893317702227433 0.035076923076923075 0.0492379835873388
0 0.3729230769230769 0.46072684642438455 0.025846153846153845 0.03751465416178194
0 0.39876923076923076 0.4525205158264947 0.029538461538461538 0.053927315357561546
0 0.44646153846153847 0.45310668229777257 0.02523076923076923 0.03634232121922626
0 0.4846153846153846 0.44607268464243843 0.033846153846153845 0.08089097303634232
0 0.057846153846153846 0.5322391559202814 0.11569230769230769 0.15005861664712777
2 0.11723076923076924 0.39859320046893315 0.05476923076923077 0.05861664712778429
2 0.21507692307692308 0.358147713950762 0.033846153846153845 0.05275498241500586
2 0.3676923076923077 0.3810082063305979 0.02646153846153846 0.06565064478311841
2 0.21323076923076922 0.4343493552168816 0.033846153846153845 0.038686987104337635
