2 0.44861538461538464 0.38686987104337633 0.03569230769230769 0.05861664712778429
2 0.4735384615384615 0.3810082063305979 0.020307692307692308 0.0914419695193435
2 0.5563076923076923 0.4958968347010551 0.039384615384615386 0.06096131301289566
2 0.172 0.41090269636576787 0.05476923076923077 0.05275498241500586
0 0.3861538461538462 0.5662368112543963 0.08553846153846154 0.06565064478311841
0 0.37476923076923074 0.5468933177022274 0.060307692307692305 0.09495896834701055
0 0.46615384615384614 0.5234466588511137 0.08676923076923077 0.06447831184056271
0 0.43138461538461537 0.5205158264947245 0.056615384615384616 0.06330597889800703
0 0.5163076923076924 0.5093786635404455 0.05169230769230769 0.04806565064478312
0 0.5716923076923077 0.6072684642438453 0.18215384615384617 0.15943728018757328
0 0.872 0.5978898007033998 0.20676923076923076 0.18757327080890973
0 0.32769230769230767 0.5082063305978898 0.05846153846153846 0.041031652989449004
0 0.3209230769230769 0.4730363423212192 0.06953846153846154 0.05509964830011723
0 0.36153846153846153 0.47889800703399765 0.05476923076923077 0.059788980070339975
0 0.37661538461538463 0.4730363423212192 0.024615384615384615 0.04572098475967175
0 0.42553846153846153 0.488862837045721 0.06461538461538462 0.053927315357561546
0 0.4393846153846154 0.4566236811254396 0.05292307692307692 0.05275498241500586
0 0.2003076923076923 0.5087924970691676 0.07323076923076922 0.06799531066822978
0 0.2323076923076923 0.5175849941383353 0.07076923076923076 0.04572098475967175
0 0.13446153846153847 0.5128956623681126 0.06338461538461539 0.059788980070339975
0 0.09015384615384615 0.5158264947245017 0.046153846153846156 0.03751465416178194
3 0.3729230769230769 0.3839390386869871 0.032 0.05041031652989449
3 0.4246153846153846 0.3733880422039859 0.04553846153846154 0.07620164126611957
3 0.4910769230769231 0.45720984759671746 0.039384615384615386 0.0914419695193435
3 0.5572307692307692 0.44607268464243843 0.056 0.07620164126611957
3 0.15046153846153845 0.39859320046893315 0.04246153846153846 0.08675263774912075
3 0.09292307692307693 0.3839390386869871 0.03323076923076923 0.08323563892145369
3 0.22892307692307692 0.46600234466588514 0.032 0.01992966002344666
