2 0.8178461538461539 0.46131301289566234 0.024615384615384615 0.04572098475967175
0 0.48338461538461536 0.6101992966002344 0.13476923076923078 0.14419695193434937
0 0.4916923076923077 0.4912075029308324 0.05292307692307692 0.2532239155920281
0 0.5427692307692308 0.5814771395076201 0.03446153846153846 0.08675263774912075
0 0.5990769230769231 0.5984759671746777 0.03876923076923077 0.07151230949589683
0 0.6483076923076924 0.5844079718640094 0.02646153846153846 0.05744431418522861
0 0.8790769230769231 0.5902696365767878 0.09415384615384616 0.09495896834701055
0 0.9673846153846154 0.5855803048065651 0.05046153846153846 0.03634232121922626
0 0.9732307692307692 0.6172332942555686 0.04369230769230769 0.06916764361078546
0 0.8692307692307693 0.49413833528722156 0.04492307692307692 0.08089097303634232
0 0.9095384615384615 0.4900351699882767 0.044307692307692305 0.04689331770222743
0 0.8329230769230769 0.522274325908558 0.047384615384615386 0.038686987104337635
3 0.7609230769230769 0.44021101992966 0.02646153846153846 0.05744431418522861
3 0.8018461538461539 0.4501758499413834 0.032 0.053927315357561546
3 0.868 0.4976553341148886 0.032615384615384616 0.04337631887456037
