2 0.5876923076923077 0.35990621336459555 0.036923076923076927 0.13833528722157093
2 0.5273846153846153 0.8950762016412661 0.208 0.1981242672919109
2 0.8307692307692308 0.3950762016412661 0.03076923076923077 0.035169988276670575
2 0.9492307692307692 0.35345838218053927 0.03876923076923077 0.09026963657678781
0 0.36123076923076924 0.6166471277842908 0.22646153846153846 0.21336459554513482
0 0.6098461538461538 0.5767878077373975 0.16 0.12192262602579132
0 0.7572307692307693 0.5140679953106683 0.07815384615384616 0.08558030480656506
0 0.8476923076923077 0.5099648300117233 0.1433846153846154 0.13599062133645956
0 0.8433846153846154 0.7180539273153576 0.26646153846153847 0.25908558030480655
0 0.9692307692307692 0.49296600234466587 0.04676923076923077 0.08792497069167643
