2 0.4523076923076923 0.6266119577960141 0.1636923076923077 0.1652989449003517
2 0.47784615384615386 0.30128956623681125 0.030153846153846153 0.11019929660023446
2 0.7126153846153847 0.3704572098475967 0.024615384615384615 0.05861664712778429
2 0.8138461538461539 0.4056271981242673 0.04492307692307692 0.06330597889800703
0 0.22923076923076924 0.5287221570926143 0.18892307692307692 0.16881594372801875
0 0.5993846153846154 0.4835873388042204 0.13415384615384615 0.13481828839390386
0 0.680923076923077 0.5773739742086753 0.26153846153846155 0.20046893317702227
0 0.9181538461538462 0.7010550996483002 0.1366153846153846 0.19929660023446658
0 0.8855384615384615 0.44607268464243843 0.06646153846153846 0.08558030480656506
2 0.8867692307692308 0.4654161781946073 0.022153846153846152 0.05861664712778429
