2 0.575076923076923 0.891559202813599 0.20492307692307693 0.1910902696365768
2 0.5950769230769231 0.36283704572098474 0.04553846153846154 0.123094958968347
2 0.9501538461538461 0.36518171160609614 0.048 0.1395076201641266
2 0.8406153846153847 0.4015240328253224 0.057846153846153846 0.05744431418522861
0 0.7707692307692308 0.511137162954279 0.0916923076923077 0.11019929660023446
0 0.8790769230769231 0.5117233294255569 0.07938461538461539 0.10668229777256741
0 0.9655384615384616 0.4958968347010551 0.043076923076923075 0.08440797186400938
0 0.8276923076923077 0.7080890973036342 0.272 0.264947245017585
0 0.6113846153846154 0.552168815943728 0.13230769230769232 0.1477139507620164
0 0.3393846153846154 0.5996483001172332 0.18892307692307692 0.17233294255568582
