2 0.5889230769230769 0.347010550996483 0.059076923076923075 0.11254396248534584
2 0.5498461538461539 0.85052754982415 0.18646153846153846 0.25908558030480655
2 0.8298461538461539 0.3909730363423212 0.04369230769230769 0.09026963657678781
2 0.9393846153846154 0.42790152403282533 0.052307692307692305 0.05627198124267292
2 0.944 0.347010550996483 0.03323076923076923 0.08440797186400938
0 0.39753846153846156 0.5902696365767878 0.22276923076923077 0.1324736225087925
0 0.3393846153846154 0.5961313012895663 0.14215384615384616 0.12075029308323564
0 0.6298461538461538 0.5504103165298945 0.1606153846153846 0.11840562719812427
0 0.7630769230769231 0.5240328253223916 0.09723076923076923 0.12192262602579132
0 0.8716923076923077 0.5134818288393904 0.08307692307692308 0.06799531066822978
0 0.9587692307692308 0.5064478311840562 0.059076923076923075 0.11488862837045721
