2 0.4886153846153846 0.3540445486518171 0.038153846153846156 0.11957796014067995
2 0.7175384615384616 0.39859320046893315 0.043076923076923075 0.05861664712778429
2 0.8135384615384615 0.3593200468933177 0.04553846153846154 0.09026963657678781
2 0.44061538461538463 0.8259085580304807 0.1636923076923077 0.2661195779601407
2 0.8916923076923077 0.5668229777256741 0.039384615384615386 0.11137162954279015
2 0.9821538461538462 0.41207502930832357 0.03076923076923077 0.04806565064478312
0 0.8393846153846154 0.49413833528722156 0.10215384615384615 0.10902696365767878
0 0.7233846153846154 0.5328253223915592 0.14707692307692308 0.14654161781946073
0 0.6433846153846153 0.5087924970691676 0.12738461538461537 0.1570926143024619
0 0.11784615384615385 0.6307151230949589 0.20615384615384616 0.21805392731535755
0 0.7292307692307692 0.716295427901524 0.31261538461538463 0.2719812426729191
0 0.9538461538461539 0.8253223915592028 0.08 0.23446658851113716
0 0.9572307692307692 0.45603751465416176 0.052307692307692305 0.0984759671746776
