2 0.8175384615384615 0.4548651817116061 0.04369230769230769 0.044548651817116064
0 0.892 0.5937866354044549 0.11138461538461539 0.09495896834701055
0 0.9710769230769231 0.5697538100820633 0.04923076923076923 0.22039859320046892
0 0.4510769230769231 0.6266119577960141 0.12307692307692308 0.09730363423212192
0 0.49815384615384617 0.6037514654161782 0.08923076923076922 0.08909730363423213
0 0.5492307692307692 0.5756154747948418 0.028923076923076923 0.07737397420867527
0 0.6104615384615385 0.5961313012895663 0.036923076923076927 0.09495896834701055
0 0.6498461538461539 0.5750293083235639 0.029538461538461538 0.06213364595545135
3 0.7553846153846154 0.4449003516998828 0.028923076923076923 0.06213364595545135
3 0.8021538461538461 0.45193434935521687 0.014153846153846154 0.06916764361078546
3 0.8670769230769231 0.4976553341148886 0.022153846153846152 0.0668229777256741
