2 0.5403076923076923 0.8950762016412661 0.16 0.16295427901524032
2 0.5846153846153846 0.3552168815943728 0.039384615384615386 0.16881594372801875
2 0.8141538461538461 0.39683470105509966 0.020923076923076923 0.041031652989449004
2 0.9276923076923077 0.3511137162954279 0.03876923076923077 0.08792497069167643
2 0.9267692307692308 0.42790152403282533 0.039384615384615386 0.04689331770222743
0 0.6356923076923077 0.5457209847596718 0.18953846153846154 0.141852286049238
0 0.32461538461538464 0.6002344665885111 0.22215384615384615 0.19460726846424384
0 0.8126153846153846 0.720398593200469 0.3526153846153846 0.3130128956623681
0 0.7624615384615384 0.5105509964830012 0.08492307692307692 0.1160609613130129
0 0.8658461538461538 0.5052754982415005 0.07507692307692308 0.1242672919109027
0 0.9516923076923077 0.49531066822977726 0.06092307692307692 0.08558030480656506
