2 0.7427692307692307 0.38159437280187575 0.012307692307692308 0.06213364595545135
2 0.7689230769230769 0.3851113716295428 0.021538461538461538 0.08792497069167643
2 0.46923076923076923 0.43376318874560377 0.03876923076923077 0.06799531066822978
3 0.40615384615384614 0.399179366940211 0.03323076923076923 0.06916764361078546
3 0.6486153846153846 0.38569753810082064 0.038153846153846156 0.05861664712778429
3 0.45384615384615384 0.41500586166471276 0.020307692307692308 0.07033997655334115
3 0.7113846153846154 0.3698710433763189 0.023384615384615386 0.10668229777256741
3 0.7861538461538462 0.45076201641266117 0.03876923076923077 0.09964830011723329
3 0.8061538461538461 0.49296600234466587 0.022153846153846152 0.059788980070339975
3 0.8716923076923077 0.4425556858147714 0.027692307692307693 0.09026963657678781
2 0.8713846153846154 0.5082063305978898 0.032 0.05275498241500586
0 0.8833846153846154 0.6318874560375146 0.20246153846153847 0.1735052754982415
0 0.7689230769230769 0.5275498241500586 0.08184615384615385 0.10316529894490035
0 0.7353846153846154 0.5328253223915592 0.048 0.08792497069167643
0 0.6603076923076923 0.5762016412661196 0.07753846153846154 0.11371629542790153
0 0.6449230769230769 0.5035169988276671 0.10338461538461538 0.1395076201641266
0 0.8132307692307692 0.5076201641266119 0.06584615384615385 0.08675263774912075
0 0.8778461538461538 0.5123094958968347 0.06584615384615385 0.0914419695193435
0 0.6110769230769231 0.5017584994138335 0.07507692307692308 0.07502930832356389
0 0.6255384615384615 0.4935521688159437 0.048615384615384616 0.0492379835873388
0 0.6575384615384615 0.47596717467760846 0.02646153846153846 0.06565064478311841
0 0.7095384615384616 0.4765533411488863 0.04923076923076923 0.06213364595545135
0 0.7415384615384616 0.4695193434935522 0.032 0.04337631887456037
0 0.43446153846153845 0.5105509964830012 0.040615384615384616 0.017584994138335287
0 0.4849230769230769 0.5 0.03446153846153846 0.038686987104337635
0 0.508 0.4970691676436108 0.051076923076923075 0.07971864009378664
0 0.5227692307692308 0.5123094958968347 0.03753846153846154 0.053927315357561546
0 0.12061538461538461 0.6330597889800703 0.059076923076923075 0.07268464243845252
0 0.05169230769230769 0.604337631887456 0.025846153846153845 0.041031652989449004
0 0.21261538461538462 0.5996483001172332 0.027692307692307693 0.04806565064478312
0 0.11507692307692308 0.5873388042203986 0.05415384615384616 0.032825322391559206
