2 0.5273846153846153 0.3505275498241501 0.056615384615384616 0.16412661195779601
2 0.7544615384615385 0.40621336459554513 0.041846153846153845 0.041031652989449004
2 0.8630769230769231 0.3552168815943728 0.04369230769230769 0.11019929660023446
2 0.4686153846153846 0.8733880422039859 0.21107692307692308 0.18522860492379836
0 0.5526153846153846 0.5357561547479485 0.11815384615384615 0.10785463071512309
0 0.6966153846153846 0.5363423212192263 0.10707692307692308 0.11371629542790153
0 0.7953846153846154 0.4976553341148886 0.11753846153846154 0.11371629542790153
0 0.88 0.48710433763188743 0.07384615384615385 0.09730363423212192
0 0.944 0.4753810082063306 0.05415384615384616 0.0668229777256741
0 0.2815384615384615 0.6137162954279015 0.17907692307692308 0.1910902696365768
0 0.948 0.8112543962485346 0.09907692307692308 0.21101992966002345
2 0.9529230769230769 0.5650644783118406 0.033846153846153845 0.04689331770222743
