2 0.8698461538461538 0.5099648300117233 0.0683076923076923 0.0914419695193435
2 0.7492307692307693 0.37221570926143027 0.04246153846153846 0.08089097303634232
2 0.7830769230769231 0.3716295427901524 0.047384615384615386 0.09378663540445487
2 0.47384615384615386 0.42379835873388044 0.039384615384615386 0.04806565064478312
0 0.6313846153846154 0.6066822977725674 0.09723076923076923 0.12778429073856976
0 0.884 0.6014067995310668 0.19876923076923078 0.11019929660023446
0 0.9332307692307692 0.6348182883939039 0.11876923076923077 0.21688159437280188
0 0.13107692307692306 0.735052754982415 0.23507692307692307 0.21805392731535755
0 0.1910769230769231 0.6811254396248535 0.12492307692307693 0.27667057444314186
0 0.07538461538461538 0.5984759671746777 0.024 0.06213364595545135
0 0.11384615384615385 0.5838218053927315 0.18707692307692309 0.02813599062133646
3 0.4083076923076923 0.41617819460726846 0.019076923076923078 0.06565064478311841
3 0.4572307692307692 0.42262602579132474 0.019692307692307693 0.06916764361078546
3 0.5227692307692308 0.48651817116060964 0.046153846153846156 0.08206330597889801
3 0.6606153846153846 0.3686987104337632 0.017846153846153845 0.10902696365767878
3 0.7212307692307692 0.37514654161781946 0.03323076923076923 0.10316529894490035
3 0.788923076923077 0.44314185228604924 0.029538461538461538 0.09378663540445487
3 0.8692307692307693 0.4361078546307151 0.04246153846153846 0.0984759671746776
