2 0.4523076923076923 0.3851113716295428 0.032 0.05509964830011723
2 0.4747692307692308 0.3892145369284877 0.033846153846153845 0.09613130128956623
2 0.16184615384615383 0.4167643610785463 0.05292307692307692 0.03399765533411489
0 0.6523076923076923 0.6711606096131302 0.24123076923076922 0.1817116060961313
0 0.8738461538461538 0.5832356389214537 0.21046153846153845 0.23798358733880423
0 0.5821538461538461 0.6014067995310668 0.20307692307692307 0.11019929660023446
0 0.5095384615384615 0.5756154747948418 0.15015384615384617 0.11723329425556858
0 0.48123076923076924 0.5211019929660023 0.09353846153846154 0.12778429073856976
0 0.3944615384615385 0.5668229777256741 0.112 0.04337631887456037
0 0.36338461538461536 0.52989449003517 0.08307692307692308 0.07268464243845252
0 0.3433846153846154 0.5070339976553341 0.07507692307692308 0.041031652989449004
0 0.35015384615384615 0.4835873388042204 0.11569230769230769 0.05275498241500586
0 0.23138461538461538 0.5093786635404455 0.08 0.038686987104337635
0 0.1523076923076923 0.5146541617819461 0.1753846153846154 0.044548651817116064
0 0.5292307692307693 0.5211019929660023 0.040615384615384616 0.04337631887456037
0 0.5572307692307692 0.4935521688159437 0.04369230769230769 0.04689331770222743
0 0.6055384615384616 0.48651817116060964 0.05169230769230769 0.0492379835873388
0 0.10430769230769231 0.522274325908558 0.03876923076923077 0.04806565064478312
0 0.14953846153846154 0.5064478311840562 0.04923076923076923 0.053927315357561546
3 0.3676923076923077 0.38452520515826494 0.02523076923076923 0.04220398593200469
3 0.4175384615384615 0.36811254396248533 0.04123076923076923 0.08909730363423213
3 0.48923076923076925 0.4413833528722157 0.06153846153846154 0.10668229777256741
3 0.5581538461538461 0.45193434935521687 0.05046153846153846 0.09730363423212192
3 0.08830769230769231 0.3903868698710434 0.033846153846153845 0.07033997655334115
3 0.15015384615384617 0.41031652989449 0.043076923076923075 0.06799531066822978
3 0.22738461538461538 0.48534583821805394 0.04492307692307692 0.06565064478311841
2 0.5612307692307692 0.49941383352872215 0.025846153846153845 0.035169988276670575
