2 0.45046153846153847 0.6688159437280188 0.192 0.19343493552168817
2 0.4870769230769231 0.324736225087925 0.04369230769230769 0.1336459554513482
2 0.7135384615384616 0.36283704572098474 0.031384615384615386 0.05509964830011723
2 0.8166153846153846 0.4003516998827667 0.024615384615384615 0.04806565064478312
2 0.9003076923076923 0.46483001172332944 0.043076923076923075 0.0668229777256741
2 0.9821538461538462 0.38042203985932005 0.03076923076923077 0.07620164126611957
2 0.8153846153846154 0.32942555685814773 0.025846153846153845 0.08206330597889801
0 0.7076923076923077 0.6318874560375146 0.24246153846153845 0.25791324736225085
0 0.5073846153846154 0.5087924970691676 0.1396923076923077 0.15005861664712777
0 0.9507692307692308 0.7286049237983587 0.08984615384615384 0.2403282532239156
0 0.8716923076923077 0.45603751465416176 0.07692307692307693 0.08206330597889801
0 0.9670769230769231 0.4437280187573271 0.047384615384615386 0.08089097303634232
