3 0.72 0.3786635404454865 0.03446153846153846 0.0914419695193435
3 0.6535384615384615 0.3786635404454865 0.038153846153846156 0.09378663540445487
3 0.5215384615384615 0.48827667057444313 0.021538461538461538 0.07854630715123095
3 0.4584615384615385 0.4232121922626026 0.014769230769230769 0.053927315357561546
3 0.40615384615384614 0.40093786635404455 0.022153846153846152 0.07268464243845252
3 0.8716923076923077 0.43669402110199296 0.033846153846153845 0.07151230949589683
3 0.792923076923077 0.44607268464243843 0.031384615384615386 0.06916764361078546
0 0.8861538461538462 0.6266119577960141 0.208 0.15826494724501758
0 0.6692307692307692 0.5797186400937866 0.08061538461538462 0.09730363423212192
0 0.6513846153846153 0.5240328253223916 0.088 0.11957796014067995
0 0.7710769230769231 0.5257913247362251 0.08984615384615384 0.07620164126611957
0 0.12553846153846154 0.6365767878077374 0.056615384615384616 0.06330597889800703
0 0.20953846153846153 0.5996483001172332 0.047384615384615386 0.04806565064478312
0 0.06092307692307692 0.6055099648300117 0.028307692307692308 0.04806565064478312
0 0.018153846153846152 0.5961313012895663 0.030153846153846153 0.07854630715123095
0 0.5963076923076923 0.4906213364595545 0.040615384615384616 0.03634232121922626
0 0.6089230769230769 0.5052754982415005 0.04369230769230769 0.035169988276670575
0 0.6233846153846154 0.4765533411488863 0.03323076923076923 0.05041031652989449
0 0.6430769230769231 0.4771395076201641 0.03446153846153846 0.053927315357561546
0 0.6590769230769231 0.47245017584994137 0.020923076923076923 0.04220398593200469
0 0.7076923076923077 0.4906213364595545 0.04676923076923077 0.03399765533411489
0 0.7375384615384616 0.46893317702227433 0.032615384615384616 0.02813599062133646
0 0.7569230769230769 0.458968347010551 0.029538461538461538 0.038686987104337635
0 0.49415384615384617 0.5099648300117233 0.03323076923076923 0.05158264947245018
0 0.4596923076923077 0.5035169988276671 0.03446153846153846 0.026963657678780773
0 0.4107692307692308 0.5169988276670574 0.04246153846153846 0.06096131301289566
0 0.30215384615384616 0.5404454865181711 0.059076923076923075 0.0492379835873388
