0 0.5507692307692308 0.5357561547479485 0.10092307692307692 0.09378663540445487
0 0.9295384615384615 0.7866354044548651 0.1076923076923077 0.18053927315357562
0 0.6987692307692308 0.6658851113716295 0.2824615384615385 0.22039859320046892
0 0.8384615384615385 0.4912075029308324 0.10153846153846154 0.11019929660023446
0 0.7556923076923077 0.46072684642438455 0.10830769230769231 0.11488862837045721
0 0.9332307692307692 0.44431418522860494 0.07446153846153847 0.07737397420867527
2 0.9787692307692307 0.39976553341148885 0.027692307692307693 0.035169988276670575
2 0.4889230769230769 0.3364595545134818 0.03753846153846154 0.12895662368112543
2 0.4421538461538462 0.7848769050410317 0.19384615384615383 0.2731535756154748
2 0.823076923076923 0.35873388042203985 0.03876923076923077 0.0914419695193435
2 0.892 0.5304806565064478 0.033846153846153845 0.07620164126611957
