0 0.8335384615384616 0.7133645955451349 0.27384615384615385 0.2567409144196952
0 0.7784615384615384 0.5328253223915592 0.09846153846153846 0.1254396248534584
0 0.8716923076923077 0.515240328253224 0.0756923076923077 0.13716295427901523
0 0.9615384615384616 0.5164126611957796 0.072 0.141852286049238
0 0.5969230769230769 0.563305978898007 0.17846153846153845 0.1488862837045721
0 0.29107692307692307 0.6254396248534584 0.20307692307692307 0.1652989449003517
2 0.5664615384615385 0.9150058616647128 0.1753846153846154 0.15123094958968347
2 0.592 0.3622508792497069 0.048 0.11019929660023446
2 0.948 0.3540445486518171 0.047384615384615386 0.08909730363423213
2 0.8335384615384616 0.39566236811254396 0.03876923076923077 0.03634232121922626
