2 0.5104615384615384 0.3323563892145369 0.11261538461538462 0.1910902696365768
2 0.6993846153846154 0.3704572098475967 0.05723076923076923 0.035169988276670575
2 0.8067692307692308 0.40738569753810083 0.055384615384615386 0.041031652989449004
2 0.8144615384615385 0.3264947245017585 0.024 0.08323563892145369
2 0.4187692307692308 0.638335287221571 0.14461538461538462 0.3223915592028136
0 0.5944615384615385 0.47772567409144195 0.12184615384615384 0.10902696365767878
0 0.6901538461538461 0.5855803048065651 0.264 0.19577960140679954
0 0.9486153846153846 0.7362250879249707 0.1003076923076923 0.24150058616647127
2 0.9033846153846153 0.4824150058616647 0.043076923076923075 0.08558030480656506
2 0.9867692307692307 0.3810082063305979 0.020307692307692308 0.08675263774912075
