2 0.8984615384615384 0.5574443141852286 0.039384615384615386 0.08323563892145369
2 0.9784615384615385 0.42145369284876905 0.03569230769230769 0.06213364595545135
2 0.8092307692307692 0.35463071512309496 0.03076923076923077 0.09495896834701055
2 0.811076923076923 0.4331770222743259 0.029538461538461538 0.04806565064478312
2 0.7052307692307692 0.39331770222743256 0.040615384615384616 0.04337631887456037
2 0.488 0.35345838218053927 0.040615384615384616 0.13012895662368112
2 0.4544615384615385 0.8839390386869871 0.17661538461538462 0.1899179366940211
0 0.292 0.5568581477139508 0.15692307692307692 0.16647127784290738
0 0.5283076923076923 0.5861664712778429 0.1926153846153846 0.17116060961313012
0 0.7027692307692308 0.5246189917936694 0.112 0.08558030480656506
0 0.703076923076923 0.686400937866354 0.2516923076923077 0.21922626025791325
0 0.8713846153846154 0.46776084407971863 0.059076923076923075 0.04220398593200469
0 0.9627692307692308 0.46365767878077374 0.05476923076923077 0.07620164126611957
