2 0.8203076923076923 0.46893317702227433 0.039384615384615386 0.05627198124267292
0 0.5344615384615384 0.6271981242672919 0.048615384615384616 0.0914419695193435
0 0.5818461538461538 0.5896834701055099 0.032615384615384616 0.0914419695193435
0 0.6606153846153846 0.5926143024618992 0.088 0.11137162954279015
0 0.49046153846153845 0.4876905041031653 0.06153846153846154 0.27667057444314186
0 0.7910769230769231 0.6060961313012896 0.1483076923076923 0.09378663540445487
0 0.8836923076923077 0.5885111371629543 0.06892307692307692 0.09378663540445487
0 0.9756923076923077 0.6295427901524033 0.047384615384615386 0.08206330597889801
0 0.964 0.5586166471277842 0.06338461538461539 0.11137162954279015
0 0.8286153846153846 0.5339976553341149 0.05723076923076923 0.03399765533411489
0 0.8603076923076923 0.5169988276670574 0.044307692307692305 0.06330597889800703
0 0.8993846153846153 0.5052754982415005 0.03753846153846154 0.05861664712778429
0 0.9446153846153846 0.5123094958968347 0.039384615384615386 0.05627198124267292
0 0.7264615384615385 0.5339976553341149 0.07938461538461539 0.04337631887456037
