2 0.4443076923076923 0.6893317702227433 0.12923076923076923 0.2227432590855803
2 0.48523076923076924 0.31652989449003516 0.03876923076923077 0.16412661195779601
2 0.7236923076923077 0.3892145369284877 0.06523076923076923 0.06330597889800703
2 0.9683076923076923 0.38686987104337633 0.04492307692307692 0.0914419695193435
2 0.8827692307692308 0.48417350527549824 0.03876923076923077 0.08909730363423213
0 0.6701538461538461 0.5849941383352872 0.31015384615384617 0.2485345838218054
0 0.7243076923076923 0.4900351699882767 0.08738461538461538 0.13130128956623682
0 0.9446153846153846 0.731535756154748 0.09969230769230769 0.264947245017585
0 0.43446153846153845 0.5093786635404455 0.15261538461538462 0.1324736225087925
0 0.9153846153846154 0.451348182883939 0.0843076923076923 0.12661195779601406
