2 0.5618461538461539 0.49531066822977726 0.044307692307692305 0.05041031652989449
2 0.448 0.3798358733880422 0.029538461538461538 0.04220398593200469
2 0.4763076923076923 0.3745603751465416 0.03076923076923077 0.08323563892145369
2 0.17353846153846153 0.4155920281359906 0.03446153846153846 0.04806565064478312
0 0.36215384615384616 0.52989449003517 0.06953846153846154 0.06096131301289566
0 0.35784615384615387 0.55978898007034 0.06584615384615385 0.10199296600234467
0 0.4347692307692308 0.5164126611957796 0.033846153846153845 0.09495896834701055
0 0.46984615384615386 0.5011723329425557 0.05969230769230769 0.09026963657678781
0 0.48953846153846153 0.541031652989449 0.031384615384615386 0.08558030480656506
0 0.5246153846153846 0.5029308323563892 0.035076923076923075 0.06799531066822978
0 0.559076923076923 0.48182883939038684 0.05846153846153846 0.044548651817116064
0 0.19384615384615383 0.49824150058616645 0.056615384615384616 0.06096131301289566
0 0.23353846153846153 0.5070339976553341 0.033846153846153845 0.08089097303634232
0 0.13876923076923076 0.5216881594372802 0.06215384615384616 0.05158264947245018
0 0.09815384615384615 0.5234466588511137 0.06092307692307692 0.06213364595545135
0 0.32646153846153847 0.5005861664712778 0.051076923076923075 0.07268464243845252
0 0.2929230769230769 0.4712778429073857 0.04923076923076923 0.05158264947245018
0 0.3569230769230769 0.45603751465416176 0.04923076923076923 0.07268464243845252
0 0.4209230769230769 0.4783118405627198 0.05292307692307692 0.04220398593200469
3 0.3710769230769231 0.3821805392731536 0.032 0.0914419695193435
3 0.4329230769230769 0.36400937866354044 0.028923076923076923 0.09261430246189918
3 0.15261538461538462 0.40855803048065653 0.04553846153846154 0.0738569753810082
3 0.09323076923076923 0.38276670574443145 0.036307692307692305 0.07854630715123095
3 0.23846153846153847 0.492379835873388 0.052307692307692305 0.08440797186400938
