2 0.43446153846153845 0.6723329425556858 0.18707692307692309 0.22626025791324736
2 0.48738461538461536 0.29308323563892147 0.059076923076923075 0.14536928487690504
2 0.7129230769230769 0.3686987104337632 0.020307692307692308 0.04337631887456037
2 0.8166153846153846 0.40328253223915594 0.024615384615384615 0.053927315357561546
2 0.816 0.33821805392731535 0.019692307692307693 0.07620164126611957
2 0.9849230769230769 0.38569753810082064 0.024 0.08440797186400938
2 0.8867692307692308 0.4654161781946073 0.07015384615384615 0.10082063305978899
0 0.6916923076923077 0.5914419695193435 0.2621538461538461 0.21922626025791325
0 0.9236923076923077 0.6998827667057445 0.128 0.2391559202813599
0 0.064 0.563305978898007 0.128 0.26143024618991795
