2 0.2929230769230769 0.5533411488862837 0.036923076923076927 0.06096131301289566
2 0.3606153846153846 0.43259085580304807 0.029538461538461538 0.02813599062133646
2 0.22030769230769232 0.36107854630715125 0.03076923076923077 0.07033997655334115
2 0.3553846153846154 0.3798358733880422 0.046153846153846156 0.04689331770222743
2 0.10830769230769231 0.39566236811254396 0.048 0.04337631887456037
2 0.21446153846153845 0.4296600234466589 0.04369230769230769 0.03399765533411489
2 0.5403076923076923 0.47596717467760846 0.040615384615384616 0.05627198124267292
0 0.11692307692307692 0.5334114888628371 0.12676923076923077 0.12192262602579132
0 0.05353846153846154 0.518757327080891 0.09969230769230769 0.1254396248534584
0 0.16615384615384615 0.4988276670574443 0.07384615384615385 0.08089097303634232
0 0.236 0.4970691676436108 0.09907692307692308 0.07971864009378664
0 0.2876923076923077 0.47889800703399765 0.05846153846153846 0.041031652989449004
0 0.34492307692307694 0.46776084407971863 0.05723076923076923 0.07033997655334115
0 0.36953846153846154 0.4630715123094959 0.048615384615384616 0.05861664712778429
0 0.40892307692307694 0.4630715123094959 0.046153846153846156 0.05158264947245018
0 0.47415384615384615 0.44196951934349354 0.04123076923076923 0.05158264947245018
