2 0.4236923076923077 0.671746776084408 0.1483076923076923 0.29073856975381007
2 0.48523076923076924 0.31125439624853457 0.04246153846153846 0.13481828839390386
2 0.7178461538461538 0.365767878077374 0.04492307692307692 0.06565064478311841
2 0.816923076923077 0.4091441969519343 0.04123076923076923 0.07033997655334115
2 0.8184615384615385 0.3223915592028136 0.028307692307692308 0.15240328253223914
2 0.9809230769230769 0.3786635404454865 0.024615384615384615 0.10785463071512309
2 0.8990769230769231 0.48124267291910905 0.03076923076923077 0.10902696365767878
0 0.7184615384615385 0.5937866354044549 0.27507692307692305 0.2309495896834701
0 0.6710769230769231 0.4577960140679953 0.13846153846153847 0.11840562719812427
0 0.9224615384615384 0.43024618991793667 0.06276923076923077 0.10082063305978899
0 0.9566153846153846 0.701641266119578 0.07938461538461539 0.27784290738569756
