2 0.7258461538461538 0.5586166471277842 0.02646153846153846 0.03399765533411489
2 0.7695384615384615 0.5539273153575616 0.019076923076923078 0.03399765533411489
2 0.664 0.556271981242673 0.019692307692307693 0.041031652989449004
0 0.5403076923076923 0.6629542790152403 0.1513846153846154 0.1559202813599062
0 0.5178461538461538 0.40738569753810083 0.0756923076923077 0.3903868698710434
0 0.656 0.6201641266119577 0.060307692307692305 0.07033997655334115
0 0.5858461538461538 0.5879249706916765 0.048 0.07151230949589683
0 0.5563076923076923 0.5814771395076201 0.02707692307692308 0.04220398593200469
0 0.7886153846153846 0.6096131301289566 0.05969230769230769 0.07971864009378664
0 0.7113846153846154 0.5984759671746777 0.043076923076923075 0.04337631887456037
0 0.9273846153846154 0.5087924970691676 0.09476923076923077 0.09613130128956623
3 0.9233846153846154 0.37514654161781946 0.02523076923076923 0.09378663540445487
3 0.9852307692307692 0.3892145369284877 0.02707692307692308 0.0914419695193435
