2 0.46923076923076923 0.4232121922626026 0.031384615384615386 0.03751465416178194
2 0.7427692307692307 0.38042203985932005 0.03569230769230769 0.04337631887456037
2 0.7646153846153846 0.3821805392731536 0.032615384615384616 0.09613130128956623
2 0.8766153846153846 0.5041031652989449 0.048615384615384616 0.0492379835873388
0 0.6741538461538461 0.5668229777256741 0.06338461538461539 0.09026963657678781
0 0.6673846153846154 0.5386869871043376 0.072 0.10668229777256741
0 0.7572307692307693 0.5263774912075029 0.08676923076923077 0.07502930832356389
0 0.7255384615384616 0.5158264947245017 0.048 0.05861664712778429
0 0.8147692307692308 0.5076201641266119 0.07507692307692308 0.07502930832356389
0 0.8864615384615384 0.6318874560375146 0.16923076923076924 0.1406799531066823
0 0.11107692307692307 0.6236811254396248 0.052307692307692305 0.06799531066822978
0 0.22953846153846155 0.5984759671746777 0.07630769230769231 0.05275498241500586
0 0.04707692307692308 0.5908558030480656 0.02523076923076923 0.07268464243845252
3 0.4036923076923077 0.40386869871043374 0.028307692307692308 0.07620164126611957
3 0.4563076923076923 0.4126611957796014 0.031384615384615386 0.06565064478311841
3 0.5230769230769231 0.4958968347010551 0.038153846153846156 0.07033997655334115
3 0.6486153846153846 0.39155920281359907 0.056615384615384616 0.10550996483001172
3 0.7123076923076923 0.36635404454865184 0.036307692307692305 0.10199296600234467
3 0.7895384615384615 0.4331770222743259 0.03446153846153846 0.0738569753810082
3 0.8661538461538462 0.4343493552168816 0.05476923076923077 0.0738569753810082
