2 0.5606153846153846 0.9103165298944901 0.16246153846153846 0.1652989449003517
2 0.588 0.335873388042204 0.05476923076923077 0.1488862837045721
2 0.8372307692307692 0.40093786635404455 0.030153846153846153 0.044548651817116064
2 0.9443076923076923 0.43141852286049237 0.052307692307692305 0.04689331770222743
2 0.9572307692307692 0.3645955451348183 0.027692307692307693 0.10550996483001172
0 0.8283076923076923 0.7121922626025792 0.288 0.2708089097303634
0 0.7572307692307693 0.5199296600234466 0.14215384615384616 0.1324736225087925
0 0.8904615384615384 0.5017584994138335 0.09230769230769231 0.16412661195779601
0 0.9716923076923077 0.48300117233294254 0.039384615384615386 0.0984759671746776
0 0.5575384615384615 0.5685814771395076 0.19815384615384615 0.15474794841735054
0 0.20615384615384616 0.6828839390386869 0.19692307692307692 0.21922626025791325
