0 0.5803076923076923 0.611957796014068 0.059076923076923075 0.05158264947245018
0 0.567076923076923 0.582063305978898 0.036307692307692305 0.04337631887456037
0 0.6433846153846153 0.5803048065650644 0.03753846153846154 0.032825322391559206
0 0.9104615384615384 0.5996483001172332 0.10153846153846154 0.07620164126611957
0 0.9664615384615385 0.6078546307151231 0.06338461538461539 0.09026963657678781
3 0.7981538461538461 0.46131301289566234 0.01353846153846154 0.04572098475967175
3 0.7501538461538462 0.45310668229777257 0.02707692307692308 0.05509964830011723
3 0.8578461538461538 0.5035169988276671 0.03076923076923077 0.05041031652989449
3 0.9498461538461539 0.4208675263774912 0.031384615384615386 0.06330597889800703
2 0.8132307692307692 0.4601406799531067 0.02646153846153846 0.026963657678780773
