2 0.4390769230769231 0.6547479484173505 0.22338461538461538 0.25205158264947247
2 0.8956923076923077 0.48124267291910905 0.030153846153846153 0.09730363423212192
2 0.7123076923076923 0.37631887456037516 0.032615384615384616 0.0492379835873388
2 0.4793846153846154 0.29073856975381007 0.07138461538461538 0.15474794841735054
2 0.812923076923077 0.39859320046893315 0.028307692307692308 0.07502930832356389
2 0.98 0.3798358733880422 0.036307692307692305 0.07268464243845252
0 0.12061538461538461 0.5691676436107854 0.224 0.20281359906213364
0 0.6978461538461539 0.604337631887456 0.28307692307692306 0.22626025791324736
0 0.939076923076923 0.716295427901524 0.10461538461538461 0.23681125439624853
0 0.8633846153846154 0.46365767878077374 0.14276923076923076 0.10199296600234467
0 0.744 0.4654161781946073 0.10461538461538461 0.0914419695193435
