2 0.4249230769230769 0.6559202813599062 0.216 0.27784290738569756
2 0.4836923076923077 0.33411488862837047 0.05046153846153846 0.0914419695193435
2 0.715076923076923 0.35345838218053927 0.044307692307692305 0.0668229777256741
2 0.8116923076923077 0.3921453692848769 0.041846153846153845 0.059788980070339975
2 0.8236923076923077 0.31359906213364597 0.02276923076923077 0.08323563892145369
2 0.9870769230769231 0.3716295427901524 0.018461538461538463 0.07033997655334115
2 0.9064615384615384 0.46483001172332944 0.03323076923076923 0.06916764361078546
0 0.7236923076923077 0.5943728018757327 0.28184615384615386 0.2508792497069168
0 0.567076923076923 0.4642438452520516 0.13230769230769232 0.19460726846424384
0 0.9381538461538461 0.7233294255568582 0.11015384615384616 0.2391559202813599
0 0.8338461538461538 0.451348182883939 0.10707692307692308 0.10082063305978899
