2 0.8904615384615384 0.5615474794841735 0.03446153846153846 0.07268464243845252
2 0.9818461538461538 0.4126611957796014 0.02646153846153846 0.06096131301289566
2 0.4827692307692308 0.34114888628370454 0.04492307692307692 0.12192262602579132
2 0.7073846153846154 0.3909730363423212 0.06461538461538462 0.04337631887456037
2 0.7990769230769231 0.35990621336459555 0.0683076923076923 0.07502930832356389
2 0.44676923076923075 0.8763188745603752 0.16984615384615384 0.18405627198124266
0 0.7083076923076923 0.6764361078546307 0.28184615384615386 0.2532239155920281
0 0.7495384615384615 0.5234466588511137 0.07015384615384615 0.1254396248534584
0 0.8753846153846154 0.46483001172332944 0.09292307692307693 0.09261430246189918
0 0.964 0.447831184056272 0.05353846153846154 0.1242672919109027
0 0.4470769230769231 0.55978898007034 0.1483076923076923 0.1160609613130129
0 0.232 0.6019929660023446 0.29784615384615387 0.21219226260257915
0 0.09846153846153846 0.6154747948417351 0.1723076923076923 0.2485345838218054
