2 0.7393846153846154 0.3839390386869871 0.03876923076923077 0.04337631887456037
2 0.7750769230769231 0.3698710433763189 0.02646153846153846 0.10902696365767878
2 0.47446153846153843 0.41617819460726846 0.036923076923076927 0.05627198124267292
0 0.6796923076923077 0.5720984759671747 0.09784615384615385 0.07971864009378664
0 0.6498461538461539 0.5181711606096131 0.07876923076923077 0.07737397420867527
0 0.7713846153846153 0.5351699882766706 0.05846153846153846 0.09495896834701055
0 0.8815384615384615 0.6113716295427901 0.16307692307692306 0.11840562719812427
0 0.15046153846153845 0.6400937866354045 0.08676923076923077 0.0914419695193435
0 0.07630769230769231 0.6090269636576788 0.03569230769230769 0.07854630715123095
0 0.02923076923076923 0.5902696365767878 0.049846153846153846 0.06447831184056271
0 0.21876923076923077 0.6002344665885111 0.036307692307692305 0.0492379835873388
3 0.40892307692307694 0.3962485345838218 0.020307692307692308 0.09613130128956623
3 0.4544615384615385 0.4208675263774912 0.030153846153846153 0.06330597889800703
3 0.5169230769230769 0.4917936694021102 0.028307692307692308 0.07620164126611957
3 0.6455384615384615 0.38452520515826494 0.03076923076923077 0.07268464243845252
3 0.7113846153846154 0.36283704572098474 0.038153846153846156 0.08323563892145369
