2 0.28892307692307695 0.552168815943728 0.024 0.05861664712778429
2 0.36030769230769233 0.4372801875732708 0.027692307692307693 0.04220398593200469
2 0.10523076923076922 0.4003516998827667 0.040615384615384616 0.038686987104337635
2 0.21015384615384616 0.3698710433763189 0.051076923076923075 0.06916764361078546
2 0.5375384615384615 0.45838218053927315 0.016615384615384615 0.03985932004689332
0 0.2621538461538461 0.4935521688159437 0.08492307692307692 0.08206330597889801
0 0.21323076923076922 0.4671746776084408 0.056 0.06213364595545135
0 0.3046153846153846 0.46893317702227433 0.020923076923076923 0.08675263774912075
0 0.3396923076923077 0.4706916764361079 0.024615384615384615 0.0668229777256741
0 0.372 0.4536928487690504 0.031384615384615386 0.05158264947245018
0 0.404 0.45545134818288396 0.030153846153846153 0.06213364595545135
0 0.4563076923076923 0.4449003516998828 0.015384615384615385 0.04337631887456037
0 0.48184615384615387 0.4296600234466589 0.020923076923076923 0.059788980070339975
0 0.1513846153846154 0.4976553341148886 0.07630769230769231 0.12075029308323564
0 0.06 0.5416178194607268 0.11753846153846154 0.17584994138335286
