2 0.46923076923076923 0.4220398593200469 0.035076923076923075 0.03751465416178194
2 0.7498461538461538 0.376905041031653 0.04 0.041031652989449004
0 0.6886153846153846 0.6336459554513482 0.14892307692307694 0.13716295427901523
0 0.683076923076923 0.5310668229777257 0.10215384615384615 0.14536928487690504
0 0.8830769230769231 0.6055099648300117 0.19692307692307692 0.16295427901524032
2 0.8772307692307693 0.5123094958968347 0.032615384615384616 0.0492379835873388
3 0.8769230769230769 0.44196951934349354 0.032 0.05861664712778429
3 0.7926153846153846 0.4501758499413834 0.03569230769230769 0.07737397420867527
3 0.8092307692307692 0.48534583821805394 0.03446153846153846 0.05627198124267292
3 0.7264615384615385 0.3622508792497069 0.019076923076923078 0.08440797186400938
3 0.6670769230769231 0.38452520515826494 0.029538461538461538 0.06330597889800703
3 0.5258461538461539 0.488862837045721 0.04246153846153846 0.07502930832356389
3 0.41815384615384615 0.4079718640093787 0.030153846153846153 0.08206330597889801
3 0.464 0.42145369284876905 0.025846153846153845 0.08558030480656506
0 0.11476923076923078 0.7233294255568582 0.22953846153846155 0.283704572098476
0 0.1403076923076923 0.5943728018757327 0.09107692307692308 0.13599062133645956
0 0.04369230769230769 0.5808909730363423 0.01723076923076923 0.031652989449003514
0 0.05876923076923077 0.5908558030480656 0.024 0.035169988276670575
0 0.2153846153846154 0.6002344665885111 0.04676923076923077 0.04220398593200469
0 0.18215384615384617 0.8856975381008206 0.29415384615384615 0.20046893317702227
