2 0.5913846153846154 0.3563892145369285 0.07384615384615385 0.16412661195779601
2 0.5716923076923077 0.906799531066823 0.15876923076923077 0.16998827667057445
2 0.824 0.3892145369284877 0.048 0.044548651817116064
2 0.9529230769230769 0.3481828839390387 0.031384615384615386 0.0984759671746776
2 0.9467692307692308 0.42555685814771393 0.035076923076923075 0.03985932004689332
0 0.5950769230769231 0.5638921453692849 0.22892307692307692 0.17819460726846426
0 0.7772307692307693 0.5140679953106683 0.13046153846153846 0.0668229777256741
0 0.816923076923077 0.6969519343493552 0.24553846153846154 0.24267291910902697
0 0.8858461538461538 0.4958968347010551 0.10276923076923077 0.10785463071512309
0 0.9584615384615385 0.4900351699882767 0.05969230769230769 0.07737397420867527
0 0.3326153846153846 0.5937866354044549 0.216 0.1746776084407972
