2 0.8107692307692308 0.45545134818288396 0.030153846153846153 0.03399765533411489
0 0.876 0.5967174677608441 0.09784615384615385 0.07971864009378664
0 0.8787692307692307 0.5486518171160609 0.08492307692307692 0.1242672919109027
0 0.5516923076923077 0.5791324736225087 0.05353846153846154 0.06330597889800703
0 0.5950769230769231 0.5961313012895663 0.043076923076923075 0.06213364595545135
0 0.9646153846153847 0.5744431418522861 0.05846153846153846 0.09378663540445487
0 0.9726153846153847 0.6107854630715123 0.04492307692307692 0.10785463071512309
3 0.7569230769230769 0.4425556858147714 0.024615384615384615 0.05041031652989449
3 0.7978461538461539 0.4577960140679953 0.021538461538461538 0.041031652989449004
3 0.8695384615384616 0.5017584994138335 0.018461538461538463 0.05627198124267292
3 0.9553846153846154 0.41735052754982416 0.033846153846153845 0.07737397420867527
3 0.9923076923076923 0.4026963657678781 0.010461538461538461 0.04806565064478312
