2 0.7436923076923077 0.3821805392731536 0.03876923076923077 0.06330597889800703
2 0.7707692307692308 0.3698710433763189 0.03876923076923077 0.1254396248534584
2 0.8686153846153846 0.5035169988276671 0.035076923076923075 0.08558030480656506
2 0.4655384615384615 0.42028135990621335 0.05723076923076923 0.06447831184056271
0 0.6575384615384615 0.5363423212192263 0.088 0.07620164126611957
0 0.6692307692307692 0.5691676436107854 0.056 0.06213364595545135
0 0.7347692307692307 0.5890973036342321 0.08 0.13012895662368112
0 0.7658461538461538 0.5252051582649473 0.06953846153846154 0.11019929660023446
0 0.8889230769230769 0.623094958968347 0.184 0.1488862837045721
0 0.11292307692307692 0.6242672919109027 0.10523076923076922 0.06447831184056271
0 0.07784615384615384 0.5791324736225087 0.0756923076923077 0.09613130128956623
0 0.20646153846153847 0.5803048065650644 0.046153846153846156 0.08206330597889801
3 0.652 0.376905041031653 0.021538461538461538 0.07620164126611957
3 0.7166153846153847 0.3634232121922626 0.033846153846153845 0.11488862837045721
3 0.8716923076923077 0.43376318874560377 0.032615384615384616 0.08909730363423213
3 0.792923076923077 0.44841735052754983 0.048615384615384616 0.08089097303634232
3 0.4043076923076923 0.40211019929660025 0.02707692307692308 0.06096131301289566
3 0.4624615384615385 0.42028135990621335 0.012923076923076923 0.07854630715123095
3 0.5224615384615384 0.48007033997655335 0.025846153846153845 0.059788980070339975
