2 0.44153846153846155 0.6647127784290738 0.1606153846153846 0.27432590855803046
2 0.48523076923076924 0.3030480656506448 0.021538461538461538 0.08558030480656506
2 0.7153846153846154 0.37280187573270807 0.04492307692307692 0.04220398593200469
2 0.8156923076923077 0.39683470105509966 0.04246153846153846 0.05041031652989449
2 0.8969230769230769 0.4642438452520516 0.03876923076923077 0.10316529894490035
2 0.9815384615384616 0.3892145369284877 0.03446153846153846 0.06799531066822978
0 0.364 0.5023446658851114 0.15815384615384614 0.14419695193434937
0 0.7092307692307692 0.5996483001172332 0.3316923076923077 0.2567409144196952
0 0.9384615384615385 0.7186400937866354 0.08 0.2227432590855803
0 0.8375384615384616 0.45076201641266117 0.07384615384615385 0.0738569753810082
0 0.9446153846153846 0.43141852286049237 0.06276923076923077 0.07502930832356389
