2 0.47292307692307695 0.4261430246189918 0.035076923076923075 0.041031652989449004
2 0.8781538461538462 0.5082063305978898 0.040615384615384616 0.0668229777256741
2 0.7452307692307693 0.3874560375146542 0.04676923076923077 0.05041031652989449
2 0.7713846153846153 0.369284876905041 0.028923076923076923 0.10316529894490035
0 0.712 0.5849941383352872 0.05046153846153846 0.08909730363423213
0 0.868 0.6271981242672919 0.16923076923076924 0.14536928487690504
0 0.839076923076923 0.52989449003517 0.05353846153846154 0.05158264947245018
0 0.7695384615384615 0.5287221570926143 0.07938461538461539 0.08909730363423213
0 0.6716923076923077 0.5498241500586166 0.08553846153846154 0.06799531066822978
0 0.6753846153846154 0.5803048065650644 0.0916923076923077 0.07268464243845252
0 0.20953846153846153 0.6031652989449003 0.052307692307692305 0.05041031652989449
0 0.0963076923076923 0.6225087924970691 0.05353846153846154 0.05861664712778429
0 0.04707692307692308 0.5867526377491208 0.06338461538461539 0.12075029308323564
3 0.4086153846153846 0.41090269636576787 0.029538461538461538 0.06916764361078546
3 0.46092307692307694 0.42028135990621335 0.023384615384615386 0.0668229777256741
3 0.5249230769230769 0.4824150058616647 0.018461538461538463 0.07620164126611957
3 0.6501538461538462 0.38569753810082064 0.03876923076923077 0.07033997655334115
3 0.7190769230769231 0.38452520515826494 0.02523076923076923 0.11488862837045721
3 0.7883076923076923 0.44021101992966 0.03446153846153846 0.06916764361078546
3 0.8003076923076923 0.48124267291910905 0.033846153846153845 0.038686987104337635
3 0.8664615384615385 0.43376318874560377 0.03446153846153846 0.0914419695193435
