2 0.8092307692307692 0.46131301289566234 0.029538461538461538 0.029308323563892145
0 0.4492307692307692 0.61957796014068 0.17476923076923076 0.1559202813599062
0 0.5473846153846154 0.5814771395076201 0.046153846153846156 0.05627198124267292
0 0.6036923076923076 0.5920281359906213 0.04553846153846154 0.07502930832356389
0 0.4966153846153846 0.5076201641266119 0.064 0.246189917936694
0 0.924923076923077 0.593200468933177 0.08861538461538461 0.0984759671746776
0 0.9563076923076923 0.6031652989449003 0.064 0.09730363423212192
0 0.9713846153846154 0.6014067995310668 0.036307692307692305 0.09378663540445487
0 0.8652307692307692 0.5744431418522861 0.08123076923076923 0.06096131301289566
3 0.7532307692307693 0.4466588511137163 0.025846153846153845 0.05861664712778429
3 0.7935384615384615 0.44958968347010553 0.035076923076923075 0.05744431418522861
3 0.8667692307692307 0.4970691676436108 0.017846153846153845 0.06096131301289566
