2 0.5901538461538461 0.5556858147713951 0.016 0.06096131301289566
2 0.13476923076923078 0.8827667057444314 0.19076923076923077 0.20867526377491208
2 0.19353846153846155 0.34114888628370454 0.05353846153846154 0.11019929660023446
2 0.42338461538461536 0.4044548651817116 0.029538461538461538 0.04689331770222743
2 0.5153846153846153 0.37924970691676435 0.056 0.0738569753810082
2 0.6526153846153846 0.4284876905041032 0.03876923076923077 0.05041031652989449
2 0.8486153846153847 0.47772567409144195 0.036923076923076927 0.041031652989449004
0 0.8950769230769231 0.7936694021101993 0.20123076923076924 0.2719812426729191
0 0.47507692307692306 0.5193434935521688 0.07507692307692308 0.10785463071512309
0 0.3852307692307692 0.5257913247362251 0.096 0.11137162954279015
0 0.24061538461538462 0.5586166471277842 0.15630769230769231 0.14419695193434937
0 0.5458461538461539 0.4876905041031653 0.03569230769230769 0.09378663540445487
0 0.5898461538461538 0.47596717467760846 0.05353846153846154 0.05861664712778429
0 0.6356923076923077 0.45603751465416176 0.04923076923076923 0.05861664712778429
0 0.664923076923077 0.4730363423212192 0.056 0.07854630715123095
0 0.6953846153846154 0.4425556858147714 0.03323076923076923 0.0668229777256741
0 0.7369230769230769 0.44314185228604924 0.030153846153846153 0.044548651817116064
0 0.8012307692307692 0.4361078546307151 0.043076923076923075 0.07502930832356389
