2 0.8135384615384615 0.4618991793669402 0.025846153846153845 0.032825322391559206
0 0.7249230769230769 0.5990621336459554 0.06892307692307692 0.0914419695193435
0 0.552 0.6125439624853458 0.09230769230769231 0.0668229777256741
0 0.5787692307692308 0.6014067995310668 0.033846153846153845 0.07268464243845252
0 0.648 0.5890973036342321 0.024615384615384615 0.0668229777256741
0 0.8670769230769231 0.5967174677608441 0.12923076923076923 0.0914419695193435
0 0.9046153846153846 0.5873388042203986 0.03323076923076923 0.05627198124267292
0 0.968 0.6213364595545134 0.057846153846153846 0.08675263774912075
0 0.9621538461538461 0.5732708089097304 0.05723076923076923 0.08675263774912075
3 0.7566153846153846 0.4490035169988277 0.015384615384615385 0.06330597889800703
3 0.7963076923076923 0.4601406799531067 0.009846153846153846 0.0668229777256741
3 0.8630769230769231 0.5035169988276671 0.021538461538461538 0.04572098475967175
3 0.9433846153846154 0.42379835873388044 0.029538461538461538 0.07151230949589683
