2 0.4726153846153846 0.4232121922626026 0.05169230769230769 0.07971864009378664
2 0.7443076923076923 0.38159437280187575 0.031384615384615386 0.08089097303634232
2 0.7701538461538462 0.37397420867526376 0.04 0.0914419695193435
2 0.8723076923076923 0.5070339976553341 0.015384615384615385 0.05744431418522861
0 0.10430769230769231 0.6735052754982415 0.1163076923076923 0.08792497069167643
0 0.0756923076923077 0.6137162954279015 0.055384615384615386 0.0738569753810082
0 0.20646153846153847 0.593200468933177 0.048615384615384616 0.06330597889800703
0 0.6575384615384615 0.536928487690504 0.07323076923076922 0.08675263774912075
0 0.6636923076923077 0.5803048065650644 0.06338461538461539 0.09613130128956623
0 0.7483076923076923 0.5738569753810082 0.064 0.10668229777256741
0 0.8929230769230769 0.6336459554513482 0.1723076923076923 0.15357561547479484
0 0.7981538461538461 0.5345838218053928 0.06646153846153846 0.11488862837045721
0 0.831076923076923 0.5128956623681126 0.032615384615384616 0.0668229777256741
0 0.8710769230769231 0.48710433763188743 0.04123076923076923 0.06213364595545135
0 0.6572307692307693 0.5592028135990621 0.09353846153846154 0.044548651817116064
0 0.028923076923076923 0.5797186400937866 0.03076923076923077 0.09730363423212192
0 0.07784615384615384 0.5990621336459554 0.04369230769230769 0.06799531066822978
3 0.40492307692307694 0.40093786635404455 0.020923076923076923 0.07502930832356389
3 0.4532307692307692 0.4138335287221571 0.024 0.07737397420867527
3 0.5215384615384615 0.48534583821805394 0.02646153846153846 0.05861664712778429
3 0.6532307692307693 0.3839390386869871 0.032615384615384616 0.0738569753810082
3 0.7209230769230769 0.37631887456037516 0.014153846153846154 0.11254396248534584
3 0.7913846153846154 0.44314185228604924 0.043076923076923075 0.09378663540445487
