2 0.816923076923077 0.46131301289566234 0.04123076923076923 0.029308323563892145
0 0.8901538461538462 0.5879249706916765 0.09907692307692308 0.10668229777256741
0 0.9747692307692307 0.5978898007033998 0.04676923076923077 0.182883939038687
0 0.5304615384615384 0.6189917936694022 0.192 0.15005861664712777
0 0.4916923076923077 0.4208675263774912 0.09107692307692308 0.246189917936694
0 0.6603076923076923 0.582063305978898 0.044307692307692305 0.07151230949589683
0 0.716 0.5375146541617819 0.06707692307692308 0.0738569753810082
0 0.827076923076923 0.5193434935521688 0.036923076923076927 0.0492379835873388
3 0.7627692307692308 0.4454865181711606 0.024 0.06096131301289566
3 0.808923076923077 0.45427901524032827 0.016615384615384615 0.05275498241500586
3 0.8704615384615385 0.49941383352872215 0.02523076923076923 0.06330597889800703
