2 0.4673846153846154 0.42262602579132474 0.032615384615384616 0.05509964830011723
2 0.7409230769230769 0.37280187573270807 0.03446153846153846 0.053927315357561546
2 0.7738461538461539 0.3745603751465416 0.030153846153846153 0.09261430246189918
3 0.4095384615384615 0.40738569753810083 0.031384615384615386 0.0738569753810082
3 0.45353846153846156 0.4196951934349355 0.036923076923076927 0.06096131301289566
3 0.5209230769230769 0.4847596717467761 0.03753846153846154 0.06447831184056271
3 0.6547692307692308 0.37631887456037516 0.03446153846153846 0.04689331770222743
3 0.7184615384615385 0.3821805392731536 0.049846153846153846 0.11019929660023446
0 0.412 0.5070339976553341 0.03753846153846154 0.05744431418522861
0 0.45076923076923076 0.5029308323563892 0.04369230769230769 0.05158264947245018
0 0.4803076923076923 0.4988276670574443 0.027692307692307693 0.041031652989449004
0 0.6550769230769231 0.5504103165298945 0.0843076923076923 0.059788980070339975
0 0.6750769230769231 0.5738569753810082 0.057846153846153846 0.05509964830011723
0 0.7615384615384615 0.5211019929660023 0.09415384615384616 0.10199296600234467
0 0.8175384615384615 0.5304806565064478 0.06338461538461539 0.0738569753810082
0 0.8784615384615385 0.6184056271981243 0.17415384615384616 0.13481828839390386
0 0.8747692307692307 0.5005861664712778 0.06584615384615385 0.06565064478311841
2 0.8744615384615385 0.5093786635404455 0.02707692307692308 0.04337631887456037
0 0.14061538461538461 0.645369284876905 0.052307692307692305 0.07854630715123095
0 0.06 0.5949589683470106 0.052307692307692305 0.06916764361078546
0 0.2316923076923077 0.5961313012895663 0.07446153846153847 0.05275498241500586
0 0.13507692307692307 0.5861664712778429 0.09046153846153847 0.035169988276670575
0 0.2947692307692308 0.5439624853458382 0.07261538461538461 0.07971864009378664
0 0.6101538461538462 0.5158264947245017 0.0843076923076923 0.04220398593200469
0 0.6215384615384615 0.49296600234466587 0.040615384615384616 0.038686987104337635
0 0.6516923076923077 0.4718640093786635 0.04676923076923077 0.04806565064478312
0 0.7009230769230769 0.4847596717467761 0.064 0.059788980070339975
0 0.7224615384615385 0.4753810082063306 0.04553846153846154 0.05275498241500586
0 0.7501538461538462 0.46658851113716293 0.05169230769230769 0.05158264947245018
0 0.8723076923076923 0.4912075029308324 0.06215384615384616 0.06565064478311841
0 0.9236923076923077 0.4771395076201641 0.064 0.04689331770222743
