2 0.5076923076923077 0.8827667057444314 0.1723076923076923 0.21805392731535755
2 0.5541538461538461 0.35756154747948415 0.04246153846153846 0.15240328253223914
2 0.7784615384615384 0.40093786635404455 0.08615384615384615 0.06565064478311841
2 0.8929230769230769 0.3417350527549824 0.05415384615384616 0.07854630715123095
2 0.8815384615384615 0.42907385697538103 0.05353846153846154 0.06096131301289566
2 0.9766153846153847 0.55978898007034 0.03569230769230769 0.09026963657678781
0 0.7366153846153846 0.5334114888628371 0.09969230769230769 0.13833528722157093
0 0.8313846153846154 0.5082063305978898 0.06769230769230769 0.10433763188745604
0 0.924 0.4900351699882767 0.08061538461538462 0.11723329425556858
0 0.5713846153846154 0.5550996483001173 0.12246153846153846 0.12075029308323564
0 0.3006153846153846 0.6137162954279015 0.17415384615384616 0.15123094958968347
0 0.10584615384615384 0.6694021101992966 0.18461538461538463 0.29308323563892147
0 0.9138461538461539 0.761430246189918 0.16738461538461538 0.34583821805392734
