2 0.5950769230769231 0.36283704572098474 0.05292307692307692 0.1160609613130129
2 0.8421538461538461 0.39800703399765536 0.03876923076923077 0.04337631887456037
2 0.9412307692307692 0.3516998827667057 0.04492307692307692 0.10316529894490035
2 0.5501538461538461 0.8815943728018757 0.17969230769230768 0.1969519343493552
0 0.18861538461538463 0.634232121922626 0.2824615384615385 0.22039859320046892
0 0.3726153846153846 0.6090269636576788 0.14461538461538462 0.11371629542790153
0 0.6030769230769231 0.5726846424384525 0.13292307692307692 0.11840562719812427
0 0.784 0.5316529894490035 0.12923076923076923 0.12075029308323564
0 0.8224615384615385 0.7309495896834701 0.26276923076923075 0.2801875732708089
0 0.8787692307692307 0.488862837045721 0.09476923076923077 0.13833528722157093
0 0.9618461538461538 0.4894490035169988 0.07138461538461538 0.09730363423212192
