2 0.5138461538461538 0.8950762016412661 0.15876923076923077 0.1910902696365768
2 0.5504615384615384 0.335873388042204 0.04246153846153846 0.16998827667057445
2 0.7852307692307692 0.39273153575615477 0.018461538461538463 0.02813599062133646
2 0.8996923076923077 0.3505275498241501 0.02707692307692308 0.0914419695193435
2 0.8833846153846154 0.4343493552168816 0.03753846153846154 0.06447831184056271
2 0.9812307692307692 0.5732708089097304 0.030153846153846153 0.10082063305978899
0 0.3243076923076923 0.6143024618991794 0.23015384615384615 0.2532239155920281
0 0.5803076923076923 0.5427901524032825 0.12307692307692308 0.1570926143024619
0 0.7172307692307692 0.5134818288393904 0.104 0.16178194607268465
0 0.8187692307692308 0.4906213364595545 0.0916923076923077 0.16060961313012895
0 0.9009230769230769 0.48300117233294254 0.056615384615384616 0.0914419695193435
0 0.9624615384615385 0.4876905041031653 0.056615384615384616 0.09378663540445487
0 0.852 0.7731535756154748 0.28984615384615386 0.24970691676436108
