2 0.14 0.8927315357561547 0.20123076923076924 0.1910902696365768
2 0.5563076923076923 0.5550996483001173 0.040615384615384616 0.08792497069167643
2 0.6230769230769231 0.41324736225087927 0.028923076923076923 0.07620164126611957
2 0.8113846153846154 0.4706916764361079 0.05969230769230769 0.03634232121922626
2 0.15938461538461537 0.32297772567409144 0.09107692307692308 0.21922626025791325
2 0.4052307692307692 0.4026963657678781 0.04123076923076923 0.0738569753810082
2 0.49415384615384617 0.44196951934349354 0.025846153846153845 0.05627198124267292
2 0.48615384615384616 0.3593200468933177 0.03323076923076923 0.09495896834701055
0 0.21384615384615385 0.5492379835873388 0.17046153846153847 0.13716295427901523
0 0.3587692307692308 0.5416178194607268 0.10092307692307692 0.10785463071512309
0 0.4461538461538462 0.5099648300117233 0.05415384615384616 0.06565064478311841
0 0.5135384615384615 0.4935521688159437 0.052307692307692305 0.08206330597889801
0 0.5701538461538461 0.4847596717467761 0.032615384615384616 0.059788980070339975
0 0.612 0.4718640093786635 0.03753846153846154 0.05509964830011723
0 0.6329230769230769 0.46248534583821804 0.03753846153846154 0.07620164126611957
0 0.664923076923077 0.45720984759671746 0.031384615384615386 0.053927315357561546
0 0.724 0.4396248534583822 0.04123076923076923 0.06799531066822978
