3 0.37015384615384617 0.37631887456037516 0.028923076923076923 0.053927315357561546
3 0.42615384615384616 0.3745603751465416 0.032615384615384616 0.10668229777256741
3 0.4926153846153846 0.43669402110199296 0.035076923076923075 0.08089097303634232
3 0.5578461538461539 0.451348182883939 0.04246153846153846 0.08440797186400938
3 0.14615384615384616 0.4026963657678781 0.032615384615384616 0.07620164126611957
3 0.08830769230769231 0.39331770222743256 0.035076923076923075 0.08089097303634232
3 0.2286153846153846 0.492379835873388 0.033846153846153845 0.08675263774912075
0 0.8830769230769231 0.6148886283704572 0.21415384615384617 0.22626025791324736
0 0.572 0.6031652989449003 0.1606153846153846 0.15123094958968347
0 0.3526153846153846 0.6008206330597889 0.10338461538461538 0.08323563892145369
0 0.35415384615384615 0.5381008206330598 0.04246153846153846 0.07971864009378664
0 0.39076923076923076 0.5533411488862837 0.05292307692307692 0.07268464243845252
0 0.47384615384615386 0.5140679953106683 0.08738461538461538 0.06213364595545135
0 0.30430769230769233 0.47889800703399765 0.05969230769230769 0.04806565064478312
0 0.32953846153846156 0.5029308323563892 0.05476923076923077 0.05861664712778429
0 0.20646153846153847 0.5070339976553341 0.05969230769230769 0.04337631887456037
0 0.16553846153846155 0.5105509964830012 0.044307692307692305 0.04572098475967175
0 0.11938461538461538 0.5205158264947245 0.07384615384615385 0.06330597889800703
