0 0.5716923076923077 0.7397420867526378 0.06769230769230769 0.0492379835873388
0 0.6461538461538462 0.7778429073856975 0.08615384615384615 0.08558030480656506
0 0.4815384615384615 0.5961313012895663 0.08307692307692308 0.05744431418522861
0 0.428 0.6500586166471278 0.06461538461538462 0.07620164126611957
1 0.7055384615384616 0.6178194607268465 0.1396923076923077 0.17584994138335286
1 0.8529230769230769 0.7878077373974208 0.2510769230769231 0.35873388042203985
1 0.08953846153846154 0.7543962485345839 0.1606153846153846 0.33177022274325907
1 0.2283076923076923 0.6512309495896834 0.13415384615384615 0.24970691676436108
1 0.35015384615384615 0.645369284876905 0.096 0.21219226260257915
1 0.4489230769230769 0.5492379835873388 0.11015384615384616 0.05275498241500586
