0 0.4603076923076923 0.8153575615474795 0.043076923076923075 0.06916764361078546
0 0.272 0.7508792497069168 0.07261538461538461 0.05041031652989449
0 0.22707692307692307 0.7303634232121923 0.04923076923076923 0.02579132473622509
0 0.2756923076923077 0.8862837045720985 0.10215384615384615 0.06565064478311841
0 0.24769230769230768 0.9261430246189918 0.13107692307692306 0.07268464243845252
0 0.26615384615384613 0.9648300117233294 0.13723076923076924 0.06330597889800703
1 0.5987692307692307 0.5398593200468933 0.11323076923076923 0.10433763188745604
1 0.8332307692307692 0.5427901524032825 0.1513846153846154 0.15943728018757328
1 0.7024615384615385 0.5275498241500586 0.1433846153846154 0.1336459554513482
1 0.48553846153846153 0.5457209847596718 0.12184615384615384 0.09964830011723329
