1 0.08369230769230769 0.8048065650644783 0.15630769230769231 0.2473622508792497
1 0.45292307692307693 0.5281359906213364 0.112 0.09730363423212192
1 0.5929230769230769 0.5492379835873388 0.09415384615384616 0.08792497069167643
0 0.21015384615384616 0.7303634232121923 0.036307692307692305 0.05158264947245018
0 0.2396923076923077 0.7245017584994138 0.04123076923076923 0.023446658851113716
0 0.25784615384615384 0.761430246189918 0.06892307692307692 0.05509964830011723
0 0.26892307692307693 0.8927315357561547 0.10461538461538461 0.059788980070339975
0 0.21415384615384617 0.9249706916764361 0.09723076923076923 0.06565064478311841
0 0.26184615384615384 0.9542790152403282 0.12123076923076923 0.06565064478311841
0 0.45292307692307693 0.813599062133646 0.055384615384615386 0.10550996483001172
