0 0.25846153846153846 0.7420867526377491 0.06769230769230769 0.053927315357561546
0 0.20646153846153847 0.7168815943728019 0.09292307692307693 0.05509964830011723
0 0.27784615384615385 0.8634232121922626 0.10646153846153845 0.06916764361078546
0 0.24184615384615385 0.8968347010550997 0.1366153846153846 0.06565064478311841
0 0.2732307692307692 0.9384525205158265 0.15876923076923077 0.0738569753810082
0 0.45292307692307693 0.8077373974208675 0.09107692307692308 0.07737397420867527
1 0.5113846153846154 0.5404454865181711 0.12307692307692308 0.13599062133645956
1 0.6110769230769231 0.5550996483001173 0.13784615384615384 0.09964830011723329
1 0.768 0.5492379835873388 0.13784615384615384 0.09964830011723329
1 0.8956923076923077 0.5726846424384525 0.1286153846153846 0.1254396248534584
