0 0.284 0.8528722157092614 0.08061538461538462 0.09261430246189918
0 0.27015384615384613 0.7379835873388042 0.07876923076923077 0.05275498241500586
0 0.46615384615384614 0.8083235638921453 0.07076923076923076 0.07854630715123095
0 0.2246153846153846 0.7180539273153576 0.06892307692307692 0.06213364595545135
0 0.23107692307692307 0.8962485345838218 0.10153846153846154 0.06447831184056271
0 0.2590769230769231 0.9267291910902696 0.11569230769230769 0.04806565064478312
0 0.28092307692307694 0.9595545134818289 0.10892307692307693 0.0668229777256741
1 0.6821538461538461 0.5281359906213364 0.104 0.141852286049238
1 0.7778461538461539 0.5568581477139508 0.12307692307692308 0.0984759671746776
1 0.5772307692307692 0.5468933177022274 0.11815384615384615 0.09730363423212192
