0 0.4652307692307692 0.8083235638921453 0.05046153846153846 0.08792497069167643
0 0.27815384615384614 0.7532239155920282 0.12923076923076923 0.07151230949589683
0 0.22707692307692307 0.727432590855803 0.059076923076923075 0.06447831184056271
0 0.26646153846153847 0.876905041031653 0.12061538461538461 0.08440797186400938
0 0.21815384615384614 0.9150058616647128 0.136 0.06213364595545135
0 0.8421538461538461 0.6441969519343493 0.05723076923076923 0.06447831184056271
1 0.7935384615384615 0.5404454865181711 0.10523076923076922 0.16178194607268465
1 0.9018461538461539 0.5474794841735052 0.13353846153846155 0.1477139507620164
1 0.668 0.5468933177022274 0.15815384615384614 0.11840562719812427
1 0.5498461538461539 0.5281359906213364 0.16184615384615383 0.123094958968347
