0 0.46307692307692305 0.8012895662368112 0.04123076923076923 0.08089097303634232
0 0.2643076923076923 0.7491207502930832 0.07446153846153847 0.06565064478311841
0 0.28215384615384614 0.8827667057444314 0.104 0.06565064478311841
0 0.2433846153846154 0.9085580304806565 0.10523076923076922 0.05158264947245018
0 0.2572307692307692 0.9320046893317703 0.10584615384615384 0.05158264947245018
0 0.28492307692307695 0.963071512309496 0.10092307692307692 0.059788980070339975
1 0.09476923076923077 0.8405627198124267 0.1686153846153846 0.19226260257913247
1 0.6116923076923076 0.5433763188745604 0.05292307692307692 0.10199296600234467
1 0.6661538461538462 0.5550996483001173 0.04369230769230769 0.09261430246189918
1 0.7793846153846153 0.5480656506447831 0.07323076923076922 0.09730363423212192
1 0.8636923076923076 0.5515826494724502 0.06092307692307692 0.08792497069167643
