1 0.6806153846153846 0.4683470105509965 0.16246153846153846 0.30128956623681125
1 0.5049230769230769 0.6266119577960141 0.2443076923076923 0.1488862837045721
1 0.2326153846153846 0.7415005861664713 0.23876923076923076 0.1559202813599062
0 0.2815384615384615 0.5580304806565064 0.02276923076923077 0.032825322391559206
0 0.32984615384615384 0.5386869871043376 0.03446153846153846 0.031652989449003514
0 0.5384615384615384 0.9654161781946072 0.07261538461538461 0.05744431418522861
0 0.47692307692307695 0.8475967174677609 0.08123076923076923 0.11488862837045721
0 0.4326153846153846 0.8763188745603752 0.08 0.059788980070339975
0 0.6064615384615385 0.6735052754982415 0.09046153846153847 0.059788980070339975
0 0.8495384615384616 0.7883939038686987 0.10892307692307693 0.07854630715123095
0 0.732 0.5967174677608441 0.056 0.04689331770222743
0 0.7107692307692308 0.6324736225087925 0.06276923076923077 0.05744431418522861
0 0.6815384615384615 0.6471277842907386 0.05353846153846154 0.02579132473622509
0 0.8233846153846154 0.6822977725674091 0.08123076923076923 0.03985932004689332
0 0.7676923076923077 0.5832356389214537 0.046153846153846156 0.038686987104337635
