1 0.40276923076923077 0.7567409144196952 0.30338461538461536 0.32942555685814773
1 0.7547692307692307 0.6113716295427901 0.15569230769230769 0.15357561547479484
1 0.6113846153846154 0.5744431418522861 0.18276923076923077 0.19460726846424384
1 0.24923076923076923 0.6060961313012896 0.16984615384615384 0.1477139507620164
0 0.22030769230769232 0.7942555685814772 0.08492307692307692 0.07620164126611957
0 0.13076923076923078 0.7696365767878077 0.10276923076923077 0.05041031652989449
0 0.1276923076923077 0.8171160609613131 0.07323076923076922 0.06096131301289566
0 0.112 0.6266119577960141 0.03446153846153846 0.031652989449003514
0 0.10676923076923077 0.686400937866354 0.05846153846153846 0.05041031652989449
0 0.01876923076923077 0.6359906213364596 0.03753846153846154 0.04572098475967175
