0 0.4553846153846154 0.7080890973036342 0.06276923076923077 0.04689331770222743
0 0.6449230769230769 0.7842907385697538 0.08492307692307692 0.08440797186400938
0 0.4169230769230769 0.6875732708089097 0.04369230769230769 0.029308323563892145
0 0.45384615384615384 0.8188745603751465 0.07692307692307693 0.0738569753810082
0 0.4003076923076923 0.8434935521688159 0.08676923076923077 0.059788980070339975
0 0.4175384615384615 0.8745603751465416 0.09046153846153847 0.05861664712778429
0 0.4593846153846154 0.9138335287221571 0.11015384615384616 0.07620164126611957
0 0.8769230769230769 0.6049237983587339 0.05415384615384616 0.05627198124267292
0 0.7381538461538462 0.5955451348182884 0.032615384615384616 0.04220398593200469
1 0.7021538461538461 0.5257913247362251 0.08738461538461538 0.12075029308323564
1 0.8283076923076923 0.5310668229777257 0.14276923076923076 0.11488862837045721
