0 0.5169230769230769 0.48007033997655335 0.6313846153846154 0.8944900351699883
0 0.2824615384615385 0.39683470105509966 0.22276923076923077 0.7819460726846424
0 0.35507692307692307 0.4490035169988277 0.11446153846153846 0.5509964830011723
0 0.41415384615384615 0.49648300117233296 0.04553846153846154 0.4232121922626026
0 0.4430769230769231 0.5756154747948418 0.038153846153846156 0.32825322391559203
0 0.5446153846153846 0.6260257913247362 0.05292307692307692 0.41500586166471276
0 0.488 0.6219226260257913 0.041846153846153845 0.30363423212192264
0 0.5024615384615385 0.5427901524032825 0.02523076923076923 0.3634232121922626
0 0.6873846153846154 0.5011723329425557 0.10584615384615384 0.4912075029308324
0 0.8864615384615384 0.48417350527549824 0.16184615384615383 0.9519343493552169
0 0.10676923076923077 0.47772567409144195 0.17907692307692308 0.735052754982415
